camera_matrix:
  cols: 3
  data: [336.15076764273505, 0.0, 320.52763708418723, 0.0, 336.0084222661073, 215.73545804602824,
    0.0, 0.0, 1.0]
  rows: 3
camera_name: autobot03/camera_node
distortion_coefficients:
  cols: 5
  data: [-0.27668618886726365, 0.053839839378682836, -0.0007199818768036125, -0.0007836426053394988,
    0.0]
  rows: 1
distortion_model: plumb_bob
image_height: 480
image_width: 640
projection_matrix:
  cols: 4
  data: [230.80673217773438, 0.0, 319.50443717014423, 0.0, 0.0, 272.0456848144531,
    201.72739390159768, 0.0, 0.0, 0.0, 1.0, 0.0]
  rows: 3
rectification_matrix:
  cols: 3
  data: [1.0, 0.0, 0.0, 0.0, 1.0, 0.0, 0.0, 0.0, 1.0]
  rows: 3
