calibration_time: 2019-03-17__17:16:44
dl: 0.22921991478847775
dr: 0.3029457237539278
L: 0.06
