calibration_time: 2019-04-12__15:48:59
dl: 0.31132588687214396
dr: 0.2882425159781661
L: 0.05988313461338524
