calibration_time: 2019-04-08__15:33:37
dl: 0.24865255785115967
dr: 0.23871848095400025
L: 0.06
