camera_matrix:
  cols: 3
  data: [336.30956477053905, 0.0, 317.066178396337, 0.0, 335.9085207972346, 237.93268480113946,
    0.0, 0.0, 1.0]
  rows: 3
camera_name: autobot02/camera_node
distortion_coefficients:
  cols: 5
  data: [-0.30782783632525307, 0.07378095393612316, -0.0006420569658809584, -0.003862225056695587,
    0.0]
  rows: 1
distortion_model: plumb_bob
image_height: 480
image_width: 640
projection_matrix:
  cols: 4
  data: [239.7979736328125, 0.0, 312.2171727500245, 0.0, 0.0, 269.70733642578125,
    235.91595169415086, 0.0, 0.0, 0.0, 1.0, 0.0]
  rows: 3
rectification_matrix:
  cols: 3
  data: [1.0, 0.0, 0.0, 0.0, 1.0, 0.0, 0.0, 0.0, 1.0]
  rows: 3
