camera_matrix:
  cols: 3
  data: [332.0973198025659, 0.0, 341.0697623691059, 0.0, 330.78615685398324, 210.56498882858364,
    0.0, 0.0, 1.0]
  rows: 3
camera_name: autobot04/camera_node
distortion_coefficients:
  cols: 5
  data: [-0.292956225063847, 0.06293244160266938, 0.00210656867386992, -0.0008762163340961945,
    0.0]
  rows: 1
distortion_model: plumb_bob
image_height: 480
image_width: 640
projection_matrix:
  cols: 4
  data: [231.98597717285156, 0.0, 340.2934523887452, 0.0, 0.0, 261.4750061035156,
    195.85882513541583, 0.0, 0.0, 0.0, 1.0, 0.0]
  rows: 3
rectification_matrix:
  cols: 3
  data: [1.0, 0.0, 0.0, 0.0, 1.0, 0.0, 0.0, 0.0, 1.0]
  rows: 3
